.Random.seed <-
c(403L, 10L, 1687605900L, -1411123358L, -1186707651L, -1149452361L,
-613847970L, 121913752L, -2119465733L, 2108305561L, -482819800L,
-1035036714L, -2082237359L, -1756004605L, 1715189394L, 762827812L,
2143132391L, -248221891L, 1067249588L, 827020314L, 859631461L,
1983369727L, -954418042L, -1272807408L, -1193319757L, 692216145L,
954687744L, 1375413214L, -698658775L, 18048987L, 1901909226L,
1550348940L, 22506959L, -1823530619L, 1988811324L, 873299730L,
1165042701L, 1396272967L, 1367870766L, -1226208120L, -1337271925L,
-258563735L, 1090030392L, 529331686L, 1534103937L, 1554580755L,
429769410L, -1787982476L, -1681052297L, -1366911379L, 1497463044L,
-1364980694L, 1857290645L, 457389615L, -31141066L, 928066400L,
-1602350685L, 1562530497L, -457520464L, 525149646L, 1514740025L,
-1415719605L, 1626021626L, -1168470020L, -1808502721L, -274536171L,
1859269164L, 52330242L, 1059687389L, 285828823L, 1065955774L,
1734325240L, 333539291L, -247915975L, -623502456L, -1720194250L,
619280753L, -468905053L, -1195891982L, 477143620L, -1431802617L,
1589212381L, -17669676L, 1459873018L, 94239813L, 1285409951L,
812895782L, 351914672L, 1184069459L, -1497886095L, 1489223584L,
-1121069250L, 581193L, 2003204859L, 859515594L, -740205524L,
-1435769809L, -284324635L, -1041242724L, -147044366L, 1623298669L,
1270224807L, 316066254L, -999473368L, -1161579221L, 1035876169L,
-1064731560L, -559183610L, -1513483039L, -733145997L, 215834850L,
-670685100L, -2122191529L, 433454413L, 896245988L, -920388406L,
-1018351307L, -1837066353L, -408435562L, -1838937024L, 2142305539L,
-307670751L, -1429202416L, -2035260946L, 626529689L, -1353395669L,
464290586L, 243440092L, 1701203935L, -1659447371L, 151277900L,
-1332652126L, 948256509L, -816066569L, 850319646L, -1379720232L,
868492603L, 1103176409L, 762175080L, 1830371222L, 2878225L, -1561238333L,
1179258066L, 1475680612L, -1475240793L, 317923837L, -620622860L,
-1849096998L, -2114615771L, 1271290687L, 2017654982L, -961350320L,
-170967693L, 33712017L, -458098240L, -895059042L, 2016347497L,
-1252721253L, -838254422L, -71803188L, 1492156303L, -1191654459L,
2065444732L, 1527451602L, 340959053L, -552968697L, -1820467730L,
-1949792056L, -1700247605L, -896576983L, -1922158472L, 166104486L,
-1648363583L, 1897827411L, -910548222L, -720853452L, 1235936183L,
-1091320915L, -2055149372L, -2127016726L, 1957462869L, -989801233L,
-1264649482L, 1719256608L, 1967799267L, 571469953L, -353415440L,
-547422834L, -944246023L, -569429877L, -763381574L, 872696764L,
709734655L, -1325378475L, 217202540L, -891826238L, 1738000413L,
1262024855L, -481679874L, 590525880L, -1587111525L, -1411702791L,
-1815230648L, 298459766L, -2146911311L, -2083682845L, 1879128754L,
-947013884L, 1398950983L, -2143065315L, -1233399404L, 2136610106L,
-1329239675L, 774015583L, 489549030L, 1012031344L, 2009129107L,
296201521L, -745776160L, 442755198L, 473977609L, 1192441147L,
1197459722L, 1636628716L, -1319008913L, 1581509285L, -802904996L,
-1672518606L, 1346282285L, -371320304L, -568537876L, 247075156L,
-145212654L, 452871584L, 1827771084L, 386550368L, 1505896386L,
2111120168L, -923360852L, 2083190076L, -438828174L, -1740872400L,
1605000996L, -524131016L, -88496422L, -1691994224L, 291832572L,
-597746796L, 2092803138L, 813952256L, -1823997892L, 1495338320L,
788608162L, -1529611448L, 940863244L, 1191890652L, 637519698L,
-1636243840L, 982847572L, -509951000L, -1221866758L, -1614320304L,
1146337068L, -2009666700L, 1609712530L, -1269953952L, -561680500L,
553555808L, -1813898270L, -712160344L, 284855500L, -1656223236L,
1223315378L, -1344758288L, -739754556L, 829616472L, -1982044806L,
-720757328L, -1558051908L, -2063095724L, 1652236226L, 824965152L,
362500284L, 423492176L, 1443338210L, 1624694376L, 381558348L,
-1911559940L, -913362958L, -1018919680L, -1704363148L, 749828104L,
-1502901830L, -956248624L, 1088934892L, -276517996L, 1670089682L,
-479752352L, 313489740L, -1137139424L, -806948990L, 760475368L,
-534972180L, -1015333316L, -600824974L, 1962616432L, 106236964L,
1002921784L, 1641070746L, 1038690000L, 1248642236L, -898422124L,
1663122050L, -510201664L, 273974588L, -2067462000L, -1405821406L,
-457582072L, -630303476L, -102915428L, 1449465362L, -484667008L,
-1707539948L, 237444648L, -44506822L, 708516816L, -808997268L,
-268682444L, 534893202L, -815798944L, -1992247988L, 69854176L,
1640759202L, 1475420072L, -1058435188L, 662477500L, -884327566L,
-1326358288L, -1808815036L, 92982616L, 1658056762L, -1281506448L,
-365530052L, 594324244L, -626766398L, 4902112L, -761596036L,
-594184496L, -252888414L, 656020520L, -1002684148L, -1265407044L,
-367188686L, -1237051456L, 1406404148L, -133551160L, -1522285382L,
-785651824L, -587191828L, -1095265196L, -2146534766L, -56947936L,
-1328807476L, -2128487456L, 1237522114L, -1897826776L, 1153330860L,
-1300846916L, -1378082318L, -407480016L, 1728587940L, 2032057016L,
898162522L, 720035216L, -1771287172L, 356667668L, 700288322L,
-1664724224L, -2028368964L, 645206864L, 1075496226L, 1829316936L,
-119575540L, -912524196L, -1926863662L, 165118976L, -1314724012L,
-1382835736L, -454255622L, -159192368L, 250438956L, -357909260L,
-1719475310L, 549456992L, -1052174068L, 206330592L, -102865566L,
2068158120L, 346062412L, 78214012L, 1680211762L, 678085232L,
-972811964L, -1924282408L, -958118790L, 2015160880L, -881709380L,
-1958662316L, -506642878L, 1978335136L, 1088887996L, -190287408L,
2145026402L, 1601193960L, -51864628L, 1547468540L, -1274649614L,
2103112832L, 1100275956L, -610873208L, -1293979334L, -1040444592L,
-1225695124L, -284427116L, 700720466L, 63374048L, 1396862156L,
649276576L, -571093630L, 476888296L, 17222892L, 332589116L, -1066386318L,
-203195280L, -1253465564L, -77760968L, -2040020454L, 1602540752L,
2137703996L, 488345748L, 1426431106L, -1250501696L, 2039959868L,
-1072030064L, 719418402L, 592453640L, 43246732L, -1331936228L,
1216942226L, -430586752L, 447253524L, 1131640616L, 37910586L,
494889168L, -600758164L, -1839726924L, -1168109595L, 1264482818L,
292743280L, 1340792345L, 345587723L, -1131603204L, 653200170L,
-621109921L, 244659433L, 1924580350L, 983941100L, 1854655293L,
-925694201L, -548954384L, -196673906L, 645920955L, -1934267235L,
-1077862326L, -145423768L, -1311666607L, 2075866435L, 2105746500L,
871565042L, -161149241L, -1067256687L, -1905497578L, 726194292L,
-1639064827L, -390106801L, -1144736952L, -125599002L, 213365779L,
-1843459211L, -456807598L, -683467872L, -646287735L, -1416897861L,
173244684L, 616922266L, 1343947279L, -675035559L, -1375741202L,
-409841284L, -566910483L, -1843712361L, 333015392L, 2030259518L,
1457511947L, -418076019L, 1393125306L, -1654761992L, -185699935L,
358389587L, -11274636L, 1362466818L, -251018601L, 1242352737L,
-98219866L, -1638238044L, 766939477L, -818302465L, 328378520L,
1049818550L, 1560944195L, -883489915L, -989150L, -1008243952L,
-408361287L, -1754219669L, -1813777828L, -1656467574L, 1094557567L,
942076617L, 1145207646L, -244711412L, 1931456477L, 1662434023L,
-1987267824L, 1222863406L, -954281765L, 1966869949L, -1036960982L,
-808217656L, -564948751L, -1571262877L, -528844188L, -235267694L,
1566824039L, -854002127L, 854502262L, -1659420524L, -359346523L,
-663553105L, 1607456872L, 1139682374L, 273328627L, 980637013L,
1386725170L, -696102144L, -615417879L, -193410469L, 457823404L,
1031645882L, -1051656081L, 13557241L, 1155303566L, 602104156L,
495294925L, -1605862089L, 1705111488L, 71485598L, -1595478677L,
-329288467L, 988005722L, 1135011352L, 391754625L, 205564211L,
1522534228L, -776511134L, 1054247415L, 159926849L, 1163730630L,
-1449304060L, 899297205L, -240967521L, -1014326024L, -1136917290L,
1923954019L, -241303259L, 287143618L, -1861848144L, 2066190297L,
-1235564213L, 532131772L, -1874057238L, -702353377L, -1227098455L,
-497636802L, -226216148L, 1374056829L, -1731956793L, -1405675856L,
1318556878L, -231973381L, 1780057693L, 1966215562L, 411101608L,
-1849800943L, -1724869117L, 227463428L, 640181554L, -1724992633L,
540049873L, 209918806L, -1424953036L, 308203589L, 1441011855L,
